0.00 533.50 1247.70 2348.40 3298.30 4368.40 5739.40 6394.90 591.50 1046.30 1728.30 2425.80 3962.40 4642.60 4883.50 5176.40 5861.70 1542.50 2057.50 2665.90 3037.70 3397.00 3163.10 4058.40 4350.70 5150.60 5591.70 6317.50 5517.70 6280.40 4778.00 5864.30 6048.70 3192.20 3492.20 3169.40 3761.00 4419.20 4722.70 4088.40 4411.50 4686.90 4978.10 4506.10 4829.50 4864.00 6026.10 4740.30 5150.20 5090.10 5439.70 5871.20 5531.80 6342.90 6730.20 7689.30 8441.40 9392.70 3991.30 4265.70 4542.20 4800.10 5359.60 5583.10 5284.80 5675.90 6042.20 6599.10 6445.50 6313.40 6572.00 6847.50 7549.60 7883.10 8470.00 8946.90 4589.70 4909.40 5217.20 5054.60 5658.00 5399.20 5922.70 6292.20 6022.40 6177.40 6237.40 6640.40 6768.10 6936.60 7143.00 6939.90 7491.00 7466.60 7080.00 7478.90 7304.40 7732.80 8378.90 8526.40 8064.50 8697.40 8813.40 9542.50 9823.60 5165.60 5528.60 5838.70 5501.90 5703.20 6038.20 6441.60 6913.90 6668.20 7140.70 7745.90 8261.90 7957.00 7970.80 8388.00 9040.10 5929.80 6186.00 6477.40 6323.60 6598.20 6853.10 7043.20 7565.80 7375.80 7210.80 7780.10 8170.10 7807.90 7556.10 8119.50 8436.80 8441.10 8755.50 9283.90 10148.40 7195.70 7615.30 7496.50 7032.20 7214.50 7547.30 7950.30 8361.30 8509.80 8922.90 8977.30 9164.50 8940.20 9228.10 8845.90 8984.60 9297.20 9846.50 10239.50 10697.50 9775.10 9991.90 10419.60 10774.60 11308.30 11471.50 7504.10 8031.80 8277.20 8869.80 9413.40 9843.60 10046.80 10321.00 10715.90 10924.50 7843.60 8640.40 9243.20 10104.80 10205.10 10399.20 10684.80 10743.50 10571.10 10835.00 11073.90 11367.00 11324.80 12322.30 12184.50 8246.10 8198.00 8606.50 8907.00 9712.80 9568.90 10032.70 10877.30 10985.10 11359.30 11664.00 11402.00 11640.00 12131.00 12910.50 11304.40 12276.60 12686.30 2692.20 2092.20 7265.10 7621.10 13212.00
533.50 0.00 714.20 1814.90 2764.80 3834.90 5205.90 5861.40 1125.00 512.80 1194.80 1892.30 3428.90 4109.10 4350.00 4642.90 5328.20 2076.00 1524.00 2132.40 2504.20 2863.50 2629.60 3524.90 3817.20 4617.10 5058.20 5784.00 4984.20 5746.90 4244.50 5330.80 5515.20 3725.70 3599.10 2635.90 3330.30 3988.50 4292.00 3554.90 3878.00 4256.20 4547.40 3972.60 4296.00 4330.50 5492.60 4206.80 4616.70 4556.60 4906.20 5337.70 4998.30 5809.40 6196.70 7155.80 7907.90 8859.20 4524.80 4372.60 4111.50 4369.40 4928.90 5152.40 4751.30 5142.40 5508.70 6065.60 5912.00 5779.90 6038.50 6314.00 7016.10 7349.60 7936.50 8413.40 5123.20 5016.30 4786.50 4623.90 5227.30 4968.50 5492.00 5861.50 5488.90 5746.70 5703.90 6106.90 6234.60 6403.10 6609.50 6406.40 6957.50 6933.10 6546.50 6945.40 6770.90 7199.30 7845.40 7992.90 7531.00 8163.90 8279.90 9009.00 9290.10 5699.10 5635.50 5408.00 5071.20 5272.50 5607.50 6010.90 6483.20 6134.70 6607.20 7212.40 7728.40 7423.50 7437.30 7854.50 8506.60 6463.30 6719.50 6826.20 6430.50 6167.50 6422.40 6612.50 7135.10 6945.10 6780.10 7349.40 7739.40 7274.40 7022.60 7586.00 7903.30 7907.60 8222.00 8750.40 9614.90 7729.20 7964.10 7603.40 6601.50 6783.80 7116.60 7519.60 7930.60 8079.10 8389.40 8443.80 8631.00 8406.70 8694.60 8312.40 8451.10 8763.70 9313.00 9706.00 10164.00 9241.60 9458.40 9886.10 10241.10 10774.80 10938.00 7073.40 7601.10 7846.50 8439.10 8879.90 9310.10 9513.30 9787.50 10182.40 10391.00 7412.90 8209.70 8812.50 9674.10 9671.60 9865.70 10151.30 10210.00 10037.60 10301.50 10540.40 10833.50 10791.30 11788.80 11651.00 8594.90 8304.90 8175.80 8476.30 9282.10 9138.20 9602.00 10446.60 10451.60 10825.80 11130.50 10868.50 11106.50 11597.50 12377.00 10770.90 11743.10 12152.80 3225.70 2625.70 7798.60 8154.60 12678.50
1247.70 714.20 0.00 1100.70 2050.60 3120.70 4491.70 5147.20 1839.20 1227.00 588.10 1285.60 2822.20 3479.70 3720.60 4013.50 4614.00 2790.20 2238.20 2334.40 1962.60 2256.80 2022.90 2918.20 3210.50 4010.40 4428.80 5069.80 4377.50 5140.20 3637.80 4724.10 4908.50 4277.00 3801.10 2837.90 3532.30 4190.50 4031.50 2948.20 3271.30 4458.20 4343.60 3365.90 3689.30 3723.80 4885.90 3600.10 4010.00 3949.90 4299.50 4731.00 4391.60 5202.70 5590.00 6549.10 7301.20 8252.50 5076.10 4574.60 4313.50 4571.40 4856.70 4633.20 4144.60 4535.70 4902.00 5458.90 5305.30 5173.20 5431.80 5707.30 6409.40 6742.90 7329.80 7806.70 5674.50 5218.30 4988.50 4825.90 5318.70 5170.50 5600.80 5334.60 4882.20 5605.60 5097.20 5500.20 5627.90 5796.40 6002.80 5799.70 6350.80 6326.40 5939.80 6338.70 6164.20 6592.60 7238.70 7386.20 6924.30 7557.20 7673.20 8402.30 8683.40 6250.40 5837.50 5610.00 5273.20 5474.50 5809.50 6212.90 5929.50 5528.00 6000.50 6605.70 7121.70 6816.80 6830.60 7247.80 7899.90 7014.60 7270.80 7028.20 6632.50 6369.50 6624.40 6814.50 7080.40 6391.40 6982.10 7510.40 7346.70 6667.70 6415.90 6979.30 7296.60 7300.90 7615.30 8143.70 9008.20 8280.50 8166.10 7805.40 6803.50 6985.80 7318.60 7721.60 7867.70 8016.20 7782.70 7837.10 8024.30 7800.00 8087.90 7705.70 7844.40 8157.00 8706.30 9099.30 9557.30 8634.90 8851.70 9279.40 9634.40 10168.10 10331.30 7275.40 7803.10 8048.50 8594.10 8273.20 8703.40 8906.60 9180.80 9575.70 9784.30 7614.90 8411.70 8967.50 9489.60 9064.90 9259.00 9544.60 9603.30 9430.90 9694.80 9933.70 10226.80 10184.60 11182.10 11044.30 8796.90 8506.90 8377.80 8678.30 9484.10 9340.20 9804.00 10262.10 9844.90 10219.10 10523.80 10261.80 10499.80 10990.80 11770.30 10164.20 11136.40 11546.10 3487.90 3339.90 8349.90 8705.90 12071.80
2348.40 1814.90 1100.70 0.00 949.90 2020.00 3391.00 4046.50 2667.50 1994.40 1312.40 614.90 2045.60 2379.00 2619.90 2912.80 3513.30 3567.50 3005.60 2914.40 2542.60 1586.10 1352.20 2247.50 2539.80 3339.70 3328.10 3969.10 3609.30 4169.00 2967.10 4053.40 4237.80 4857.00 4381.10 3417.90 4112.30 3664.30 3360.80 2277.50 2600.60 3932.00 3672.90 2695.20 3018.60 3053.10 4215.20 2929.40 3339.30 3279.20 3628.80 4060.30 3720.90 4532.00 4919.30 5878.40 6630.50 7581.80 5656.10 5154.60 4893.50 4795.90 4186.00 3962.50 3473.90 3865.00 4231.30 4788.20 4634.60 4502.50 4761.10 5036.60 5738.70 6072.20 6659.10 7136.00 6254.50 5798.30 5568.50 5050.40 4648.00 5453.60 4930.10 4663.90 4211.50 4934.90 4426.50 4829.50 4957.20 5125.70 5332.10 5129.00 5680.10 5655.70 5269.10 5668.00 5493.50 5921.90 6568.00 6715.50 6253.60 6886.50 7002.50 7731.60 8012.70 6830.40 6417.50 6190.00 5853.20 5757.60 6092.60 6013.20 5258.80 4857.30 5329.80 5935.00 6451.00 6146.10 6159.90 6577.10 7229.20 7594.60 7850.80 7608.20 7212.50 6949.50 6907.50 6614.80 6409.70 5720.70 6835.70 6839.70 6676.00 5997.00 5745.20 6308.60 6625.90 6630.20 6944.60 7473.00 8337.50 8860.50 8746.10 8385.40 7383.50 7268.90 7246.30 7304.80 7197.00 7345.50 7112.00 7166.40 7353.60 7129.30 7417.20 7035.00 7173.70 7486.30 8035.60 8428.60 8886.60 7964.20 8181.00 8608.70 8963.70 9497.40 9660.60 7855.40 7730.80 7752.70 7923.40 7602.50 8032.70 8235.90 8510.10 8905.00 9113.60 8194.90 8115.90 8296.80 8818.90 8394.20 8588.30 8873.90 8932.60 8760.20 9024.10 9263.00 9556.10 9513.90 10511.40 10373.60 9376.90 9086.90 8957.80 8382.50 8889.10 9044.40 9209.00 9591.40 9174.20 9548.40 9853.10 9591.10 9829.10 10320.10 11099.60 9493.50 10465.70 10875.40 4067.90 4117.20 8929.90 9285.90 11401.10
3298.30 2764.80 2050.60 949.90 0.00 1070.10 2441.10 3096.60 3617.40 2944.30 2262.30 1564.80 1095.70 1429.10 1670.00 1962.90 2563.40 4517.40 3955.50 3864.30 3492.50 2536.00 1895.00 2529.50 2237.20 2451.30 2378.20 3019.20 2659.40 3219.10 2664.50 3635.20 3819.60 5806.90 5331.00 4367.80 5062.20 4614.20 4310.70 3227.40 2882.60 4881.90 4622.80 3645.10 3300.60 3335.10 4497.20 3879.30 3896.30 3561.20 3910.80 4342.30 4002.90 4814.00 5178.60 6137.70 6889.80 7841.10 6606.00 6104.50 5843.40 5745.80 5135.90 4912.40 4423.80 4422.00 4660.30 5217.20 4916.60 4784.50 5043.10 5318.60 6020.70 6354.20 6941.10 7418.00 7204.40 6748.20 6518.40 6000.30 5597.90 6403.50 5880.00 5613.80 5161.40 5884.80 5376.40 5258.50 5386.20 5554.70 5614.10 5411.00 5962.10 5937.70 5551.10 5950.00 5775.50 6203.90 6850.00 6997.50 6535.60 7168.50 7284.50 8013.60 8294.70 7780.30 7367.40 7139.90 6803.10 6707.50 7042.50 6963.10 6208.70 5807.20 6055.60 6281.90 6766.90 6428.10 6441.90 6859.10 7511.20 8544.50 8800.70 8558.10 8162.40 7899.40 7857.40 7564.70 7359.60 6670.60 7785.60 7789.60 7625.90 6946.90 6695.10 7167.30 6907.90 6912.20 7226.60 7755.00 8619.50 9810.40 9696.00 9335.30 8333.40 8218.80 8196.20 8254.70 8146.90 8295.40 8061.90 8116.30 8303.50 7411.30 7699.20 7317.00 7455.70 7768.30 8317.60 8710.60 9168.60 8246.20 8463.00 8890.70 9245.70 9779.40 9942.60 8805.30 8680.70 8702.60 8873.30 8552.40 8982.60 8911.10 9162.30 9515.60 9724.20 9144.80 9065.80 9246.70 9768.80 9344.10 9538.20 9823.80 9607.80 9435.40 9676.30 9915.20 10208.30 10124.50 11122.00 11025.80 10326.80 10036.80 9907.70 9332.40 9839.00 9994.30 10158.90 10541.30 10124.10 10498.30 10803.00 10266.30 10504.30 10995.30 11751.80 10443.40 11415.60 11550.60 5017.80 5067.10 9879.80 10235.80 12053.30
4368.40 3834.90 3120.70 2020.00 1070.10 0.00 1371.00 2026.50 4628.40 3955.30 3273.30 2575.80 1039.20 359.00 599.90 892.80 1493.30 5006.80 4444.90 3836.50 3464.70 2508.20 1838.50 2473.00 2180.70 1381.20 1308.10 1949.10 1589.30 2149.00 1753.80 2565.10 2749.50 5779.10 5303.20 4340.00 5034.40 4586.40 4282.90 3199.60 2826.10 4854.10 4595.00 3617.30 3244.10 3278.60 3476.80 3851.50 3839.80 3504.70 3854.30 4285.80 3946.40 3969.00 4108.50 5067.60 5819.70 6771.00 6578.20 6076.70 5815.60 5718.00 5108.10 4884.60 4396.00 4365.50 4603.80 5160.70 4860.10 4728.00 4676.60 4952.10 5654.20 5987.70 6220.90 6697.80 7176.60 6720.40 6490.60 5972.50 5570.10 6375.70 5852.20 5586.00 5133.60 5857.00 5348.60 5202.00 5329.70 5498.20 5557.60 5354.50 5905.60 5881.20 5184.60 5583.50 5409.00 5837.40 6483.50 6582.40 6169.10 6802.00 6918.00 7644.30 7925.40 7752.50 7339.60 7112.10 6775.30 6679.70 7014.70 6935.30 6180.90 5779.40 5999.10 6225.40 6710.40 6371.60 6075.40 6492.60 7144.70 8516.70 8772.90 8530.30 8134.60 7871.60 7829.60 7536.90 7331.80 6642.80 7757.80 7761.80 7598.10 6919.10 6667.30 7110.80 6851.40 6545.70 6860.10 7388.50 8253.00 9782.60 9668.20 9307.50 8305.60 8191.00 8168.40 8226.90 8119.10 8267.60 8034.10 8088.50 8275.70 7354.80 7332.70 6950.50 7089.20 7401.80 7951.10 8344.10 8802.10 7879.70 8096.50 8524.20 8879.20 9412.90 9576.10 8777.50 8652.90 8674.80 8845.50 8524.60 8747.80 8544.60 8795.80 9149.10 9357.70 9117.00 9038.00 9218.90 9741.00 9316.30 9510.40 9589.00 9241.30 9068.90 9309.80 9548.70 9841.80 9758.00 10755.50 10659.30 10299.00 10009.00 9879.90 9304.60 9811.20 9966.50 10131.10 10513.50 10096.30 10263.50 10483.80 9899.80 10137.80 10628.80 11385.30 10415.60 11096.40 11184.10 4990.00 5556.50 9852.00 10208.00 11686.80
5739.40 5205.90 4491.70 3391.00 2441.10 1371.00 0.00 655.50 5700.80 5027.70 4345.70 3648.20 2111.60 1431.40 1190.50 897.60 122.30 6079.20 5517.30 4908.90 4537.10 3580.60 2910.90 3000.00 2707.70 1908.40 1312.90 578.10 1541.30 778.00 2280.40 1194.10 1378.50 6742.10 6266.20 5412.40 5997.40 5339.20 5035.70 3952.40 3353.10 5606.90 5347.80 4370.10 3771.10 3267.90 2105.80 4604.30 4366.80 4031.70 3843.60 3748.50 3409.10 2598.00 2737.50 3696.60 4448.70 5400.00 7541.20 7039.70 6728.70 6470.80 5860.90 5637.40 5148.80 4892.50 4593.10 4607.40 4205.90 3564.20 3305.60 3581.10 4283.20 4616.70 4849.90 5326.80 8139.60 7633.40 7310.50 6725.30 6322.90 7128.50 6605.00 6338.80 5886.40 6609.80 6101.40 5191.30 5319.00 5487.50 4903.40 4700.30 5251.40 4963.20 3813.60 4212.50 4038.00 4466.40 5112.50 5211.40 4798.10 5431.00 5547.00 6273.30 6554.40 8715.50 8252.60 7932.00 7595.20 7432.50 7767.50 7616.80 6862.40 6460.90 5988.40 5571.20 5714.30 5375.50 4704.40 5121.60 5773.70 9479.70 9734.70 9443.30 9047.60 8691.50 8582.40 8218.40 8013.30 7324.30 8439.30 7998.90 7608.90 6929.90 6678.10 6114.70 5855.30 5174.70 5489.10 6017.50 6882.00 10745.60 10581.20 10220.50 9125.50 8943.80 8849.90 8464.00 8129.90 8278.40 7846.10 7550.80 7363.60 6358.70 5961.70 5579.50 5718.20 6030.80 6580.10 6973.10 7431.10 6508.70 6725.50 7153.20 7508.20 8041.90 8205.10 9597.40 9157.30 8911.90 8856.30 8336.60 7376.80 7173.60 7424.80 7778.10 7986.70 9936.90 9275.10 9229.70 9472.40 9047.70 8853.60 8218.00 7870.30 7697.90 7938.80 8177.70 8470.80 8387.00 9384.50 9288.30 11212.00 10922.00 10699.80 9541.70 9822.00 10203.60 10141.90 10244.90 9439.50 8892.50 9112.80 8528.80 8766.80 9257.80 10014.30 9758.80 9725.40 9813.10 6062.40 6628.90 10813.80 11171.00 10315.80
6394.90 5861.40 5147.20 4046.50 3096.60 2026.50 655.50 0.00 6356.30 5683.20 5001.20 4303.70 2767.10 2086.90 1846.00 1553.10 777.80 6734.70 6172.80 5564.40 5192.60 4236.10 3566.40 2882.53 2590.23 2535.53 1968.40 1233.60 2196.80 1433.50 2162.93 1076.63 892.23 6624.63 6148.73 6067.90 5879.93 5221.73 4918.23 3834.93 3235.63 5489.43 5230.33 4252.63 3653.63 3150.43 1988.33 4486.83 4249.33 3914.23 3726.13 3631.03 3291.63 2480.53 2251.23 3210.33 3962.43 4886.60 7423.73 6922.23 6611.23 6353.33 5743.43 5519.93 5031.33 4775.03 4475.63 4489.93 4088.43 3446.73 3188.13 3463.63 4023.03 4356.53 4363.63 4840.53 8022.13 7515.93 7193.03 6607.83 6205.43 7011.03 6487.53 6221.33 5768.93 6492.33 5983.93 5073.83 5201.53 5370.03 4785.93 4582.83 5133.93 4845.73 3696.13 4095.03 3920.53 4348.93 4995.03 4725.13 4680.63 5313.53 5429.53 5787.03 6068.13 8598.03 8135.13 7814.53 7477.73 7315.03 7650.03 7499.33 6744.93 6343.43 5870.93 5453.73 5596.83 5258.03 4586.93 5004.13 5656.23 9362.23 9617.23 9325.83 8930.13 8574.03 8464.93 8100.93 7895.83 7206.83 8321.83 7881.43 7491.43 6812.43 6560.63 5997.23 5737.83 5057.23 5371.63 5900.03 6718.63 10628.13 10463.73 10103.03 9008.03 8826.33 8732.43 8346.53 8012.43 8160.93 7728.63 7433.33 7246.13 6241.23 5844.23 5462.03 5600.73 5913.33 6462.63 6855.63 7313.63 6391.23 6608.03 7035.73 7390.73 7924.43 8087.63 9479.93 9039.83 8794.43 8738.83 8219.13 7259.33 7056.13 7307.33 7660.63 7869.23 9819.43 9157.63 9112.23 9354.93 8930.23 8736.13 8100.53 7752.83 7580.43 7821.33 8060.23 8353.33 8269.53 9267.03 9170.83 11094.53 10804.53 10582.33 9424.23 9704.53 10086.13 10024.43 10127.43 9322.03 8775.03 8995.33 8411.33 8649.33 9140.33 9896.83 9641.33 9607.93 9695.63 6717.90 7284.40 10696.33 11053.53 10198.33
591.50 1125.00 1839.20 2667.50 3617.40 4628.40 5700.80 6356.30 0.00 673.10 1355.10 2052.60 3589.20 4269.40 4510.30 4803.20 5578.50 951.00 1512.90 2121.30 2493.10 3023.80 2789.90 3685.20 3977.50 4777.40 5218.50 5970.70 5144.50 5907.20 4404.80 5491.10 5675.50 2600.70 2900.70 2624.80 3169.50 3827.70 4131.20 3715.20 4038.30 4095.40 4386.60 4132.90 4456.30 4490.80 5652.90 4367.10 4777.00 4716.90 5066.50 5498.00 5158.60 5969.70 6357.00 7316.10 8068.20 9019.50 3399.80 3674.20 3950.70 4208.60 4768.10 4991.60 4911.60 5302.70 5669.00 6225.90 6072.30 5940.20 6198.80 6474.30 7176.40 7509.90 8096.80 8573.70 3998.20 4317.90 4625.70 4463.10 5066.50 4807.70 5331.20 5700.70 5649.20 5585.90 5864.20 6267.20 6394.90 6563.40 6769.80 6566.70 7117.80 7093.40 6706.80 7105.70 6931.20 7359.60 8005.70 8153.20 7691.30 8324.20 8440.20 9169.30 9450.40 4574.10 4937.10 5247.20 4910.40 5111.70 5446.70 5850.10 6322.40 6295.00 6767.50 7372.70 7888.70 7583.80 7597.60 8014.80 8666.90 5338.30 5594.50 5885.90 5732.10 6006.70 6261.60 6451.70 6974.30 6784.30 6619.30 7188.60 7578.60 7233.30 7182.90 7746.30 8063.60 8067.90 8382.30 8910.70 9775.20 6604.20 7023.80 6905.00 6440.70 6623.00 6955.80 7358.80 7769.80 7918.30 8348.30 8604.10 8791.30 8567.00 8854.90 8472.70 8611.40 8924.00 9473.30 9866.30 10324.30 9401.90 9618.70 10046.40 10401.40 10935.10 11098.30 6912.60 7440.30 7685.70 8278.30 8838.80 9470.40 9673.60 9947.80 10342.70 10551.30 7252.10 8048.90 8651.70 9513.30 9630.50 9824.60 10311.60 10370.30 10197.90 10461.80 10700.70 10993.80 10951.60 11949.10 11811.30 7654.60 7606.50 8015.00 8315.50 9121.30 8977.40 9441.20 10285.80 10410.50 10986.10 11290.80 11028.80 11266.80 11757.80 12537.30 10729.80 11744.90 12313.10 2100.70 1500.70 6673.60 7029.60 12838.80
1046.30 512.80 1227.00 1994.40 2944.30 3955.30 5027.70 5683.20 673.10 0.00 682.00 1379.50 2916.10 3596.30 3837.20 4130.10 4905.40 1573.10 1011.20 1619.60 1991.40 2350.70 2116.80 3012.10 3304.40 4104.30 4545.40 5297.60 4471.40 5234.10 3731.70 4818.00 5002.40 3222.80 3086.30 2123.10 2817.50 3475.70 3779.20 3042.10 3365.20 3743.40 4034.60 3459.80 3783.20 3817.70 4979.80 3694.00 4103.90 4043.80 4393.40 4824.90 4485.50 5296.60 5683.90 6643.00 7395.10 8346.40 4021.90 3859.80 3598.70 3856.60 4416.10 4639.60 4238.50 4629.60 4995.90 5552.80 5399.20 5267.10 5525.70 5801.20 6503.30 6836.80 7423.70 7900.60 4620.30 4503.50 4273.70 4111.10 4714.50 4455.70 4979.20 5348.70 4976.10 5233.90 5191.10 5594.10 5721.80 5890.30 6096.70 5893.60 6444.70 6420.30 6033.70 6432.60 6258.10 6686.50 7332.60 7480.10 7018.20 7651.10 7767.10 8496.20 8777.30 5196.20 5122.70 4895.20 4558.40 4759.70 5094.70 5498.10 5970.40 5621.90 6094.40 6699.60 7215.60 6910.70 6924.50 7341.70 7993.80 5960.40 6216.60 6313.40 5917.70 5654.70 5909.60 6099.70 6622.30 6432.30 6267.30 6836.60 7226.60 6761.60 6509.80 7073.20 7390.50 7394.80 7709.20 8237.60 9102.10 7226.30 7451.30 7090.60 6088.70 6271.00 6603.80 7006.80 7417.80 7566.30 7876.60 7931.00 8118.20 7893.90 8181.80 7799.60 7938.30 8250.90 8800.20 9193.20 9651.20 8728.80 8945.60 9373.30 9728.30 10262.00 10425.20 6560.60 7088.30 7333.70 7926.30 8367.10 8797.30 9000.50 9274.70 9669.60 9878.20 6900.10 7696.90 8299.70 9161.30 9158.80 9352.90 9638.50 9697.20 9524.80 9788.70 10027.60 10320.70 10278.50 11276.00 11138.20 8082.10 7792.10 7663.00 7963.50 8769.30 8625.40 9089.20 9933.80 9938.80 10313.00 10617.70 10355.70 10593.70 11084.70 11864.20 10258.10 11230.30 11640.00 2722.80 2122.80 7295.70 7651.70 12165.70
1728.30 1194.80 588.10 1312.40 2262.30 3273.30 4345.70 5001.20 1355.10 682.00 0.00 697.50 2234.10 2914.30 3155.20 3448.10 4223.40 2255.10 1693.20 1746.30 1374.50 1668.70 1434.80 2330.10 2622.40 3422.30 3863.40 4615.60 3789.40 4552.10 3049.70 4136.00 4320.40 3688.90 3213.00 2249.80 2944.20 3602.40 3443.40 2360.10 2683.20 3870.10 3755.50 2777.80 3101.20 3135.70 4297.80 3012.00 3421.90 3361.80 3711.40 4142.90 3803.50 4614.60 5001.90 5961.00 6713.10 7664.40 4488.00 3986.50 3725.40 3983.30 4268.60 4045.10 3556.50 3947.60 4313.90 4870.80 4717.20 4585.10 4843.70 5119.20 5821.30 6154.80 6741.70 7218.60 5086.40 4630.20 4400.40 4237.80 4730.60 4582.40 5012.70 4746.50 4294.10 5017.50 4509.10 4912.10 5039.80 5208.30 5414.70 5211.60 5762.70 5738.30 5351.70 5750.60 5576.10 6004.50 6650.60 6798.10 6336.20 6969.10 7085.10 7814.20 8095.30 5662.30 5249.40 5021.90 4685.10 4886.40 5221.40 5624.80 5341.40 4939.90 5412.40 6017.60 6533.60 6228.70 6242.50 6659.70 7311.80 6426.50 6682.70 6440.10 6044.40 5781.40 6036.30 6226.40 6492.30 5803.30 6394.00 6922.30 6758.60 6079.60 5827.80 6391.20 6708.50 6712.80 7027.20 7555.60 8420.10 7692.40 7578.00 7217.30 6215.40 6397.70 6730.50 7133.50 7279.60 7428.10 7194.60 7249.00 7436.20 7211.90 7499.80 7117.60 7256.30 7568.90 8118.20 8511.20 8969.20 8046.80 8263.60 8691.30 9046.30 9580.00 9743.20 6687.30 7215.00 7460.40 8006.00 7685.10 8115.30 8318.50 8592.70 8987.60 9196.20 7026.80 7823.60 8379.40 8901.50 8476.80 8670.90 8956.50 9015.20 8842.80 9106.70 9345.60 9638.70 9596.50 10594.00 10456.20 8208.80 7918.80 7789.70 8090.20 8896.00 8752.10 9215.90 9674.00 9256.80 9631.00 9935.70 9673.70 9911.70 10402.70 11182.20 9576.10 10548.30 10958.00 2899.80 2804.80 7761.80 8117.80 11483.70
2425.80 1892.30 1285.60 614.90 1564.80 2575.80 3648.20 4303.70 2052.60 1379.50 697.50 0.00 1536.60 2216.80 2457.70 2750.60 3525.90 2952.60 2390.70 2299.50 1927.70 971.20 737.30 1632.60 1924.90 2724.80 3165.90 3918.10 3091.90 3854.60 2352.20 3438.50 3622.90 4242.10 3766.20 2803.00 3497.40 3049.40 2745.90 1662.60 1985.70 3317.10 3058.00 2080.30 2403.70 2438.20 3600.30 2314.50 2724.40 2664.30 3013.90 3445.40 3106.00 3917.10 4304.40 5263.50 6015.60 6966.90 5041.20 4539.70 4278.60 4181.00 3571.10 3347.60 2859.00 3250.10 3616.40 4173.30 4019.70 3887.60 4146.20 4421.70 5123.80 5457.30 6044.20 6521.10 5639.60 5183.40 4953.60 4435.50 4033.10 4838.70 4315.20 4049.00 3596.60 4320.00 3811.60 4214.60 4342.30 4510.80 4717.20 4514.10 5065.20 5040.80 4654.20 5053.10 4878.60 5307.00 5953.10 6100.60 5638.70 6271.60 6387.60 7116.70 7397.80 6215.50 5802.60 5575.10 5238.30 5142.70 5477.70 5398.30 4643.90 4242.40 4714.90 5320.10 5836.10 5531.20 5545.00 5962.20 6614.30 6979.70 7235.90 6993.30 6597.60 6334.60 6292.60 5999.90 5794.80 5105.80 6220.80 6224.80 6061.10 5382.10 5130.30 5693.70 6011.00 6015.30 6329.70 6858.10 7722.60 8245.60 8131.20 7770.50 6768.60 6654.00 6631.40 6689.90 6582.10 6730.60 6497.10 6551.50 6738.70 6514.40 6802.30 6420.10 6558.80 6871.40 7420.70 7813.70 8271.70 7349.30 7566.10 7993.80 8348.80 8882.50 9045.70 7240.50 7115.90 7137.80 7308.50 6987.60 7417.80 7621.00 7895.20 8290.10 8498.70 7580.00 7501.00 7681.90 8204.00 7779.30 7973.40 8259.00 8317.70 8145.30 8409.20 8648.10 8941.20 8899.00 9896.50 9758.70 8762.00 8472.00 8342.90 7767.60 8274.20 8429.50 8594.10 8976.50 8559.30 8933.50 9238.20 8976.20 9214.20 9705.20 10484.70 8878.60 9850.80 10260.50 3453.00 3502.30 8315.00 8671.00 10786.20
3962.40 3428.90 2822.20 2045.60 1095.70 1039.20 2111.60 2767.10 3589.20 2916.10 2234.10 1536.60 0.00 680.20 921.10 1214.00 1989.30 3967.60 3405.70 2797.30 2425.50 1469.00 799.30 1433.80 1141.50 1702.40 1629.30 2381.50 1910.50 2581.40 1568.80 2655.10 2839.50 4739.90 4264.00 3300.80 3995.20 3547.20 3243.70 2160.40 1786.90 3814.90 3555.80 2578.10 2204.90 2239.40 3401.50 2812.30 2800.60 2465.50 2815.10 3246.60 2907.20 3718.30 4105.60 5064.70 5816.80 6768.10 5539.00 5037.50 4776.40 4678.80 4068.90 3845.40 3356.80 3326.30 3564.60 4121.50 3820.90 3688.80 3947.40 4222.90 4925.00 5258.50 5845.40 6322.30 6137.40 5681.20 5451.40 4933.30 4530.90 5336.50 4813.00 4546.80 4094.40 4817.80 4309.40 4162.80 4290.50 4459.00 4518.40 4315.30 4866.40 4842.00 4455.40 4854.30 4679.80 5108.20 5754.30 5901.80 5439.90 6072.80 6188.80 6917.90 7199.00 6713.30 6300.40 6072.90 5736.10 5640.50 5975.50 5896.10 5141.70 4740.20 4959.90 5186.20 5671.20 5332.40 5346.20 5763.40 6415.50 7477.50 7733.70 7491.10 7095.40 6832.40 6790.40 6497.70 6292.60 5603.60 6718.60 6722.60 6558.90 5879.90 5628.10 6071.60 5812.20 5816.50 6130.90 6659.30 7523.80 8743.40 8629.00 8268.30 7266.40 7151.80 7129.20 7187.70 7079.90 7228.40 6994.90 7049.30 7236.50 6315.60 6603.50 6221.30 6360.00 6672.60 7221.90 7614.90 8072.90 7150.50 7367.30 7795.00 8150.00 8683.70 8846.90 7738.30 7613.70 7635.60 7806.30 7485.40 7915.60 7815.40 8066.60 8419.90 8628.50 8077.80 7998.80 8179.70 8701.80 8277.10 8471.20 8756.80 8512.10 8339.70 8580.60 8819.50 9112.60 9028.80 10026.30 9930.10 9259.80 8969.80 8840.70 8265.40 8772.00 8927.30 9091.90 9474.30 9057.10 9431.30 9736.00 9170.60 9408.60 9899.60 10656.10 9376.40 10348.60 10454.90 3950.80 4517.30 8812.80 9168.80 10957.60
4642.60 4109.10 3479.70 2379.00 1429.10 359.00 1431.40 2086.90 4269.40 3596.30 2914.30 2216.80 680.20 0.00 240.90 533.80 1309.10 4647.80 4085.90 3477.50 3105.70 2149.20 1479.50 2114.00 1821.70 1022.20 949.10 1701.30 1230.30 1901.20 1394.80 2317.30 2501.70 5420.10 4944.20 3981.00 4675.40 4227.40 3923.90 2840.60 2467.10 4495.10 4236.00 3258.30 2885.10 2919.60 3229.00 3492.50 3480.80 3145.70 3495.30 3926.80 3587.40 3721.20 3860.70 4819.80 5571.90 6523.20 6219.20 5717.70 5456.60 5359.00 4749.10 4525.60 4037.00 4006.50 4244.80 4801.70 4501.10 4369.00 4428.80 4704.30 5406.40 5739.90 5973.10 6450.00 6817.60 6361.40 6131.60 5613.50 5211.10 6016.70 5493.20 5227.00 4774.60 5498.00 4989.60 4843.00 4970.70 5139.20 5198.60 4995.50 5546.60 5522.20 4936.80 5335.70 5161.20 5589.60 6235.70 6334.60 5921.30 6554.20 6670.20 7396.50 7677.60 7393.50 6980.60 6753.10 6416.30 6320.70 6655.70 6576.30 5821.90 5420.40 5640.10 5866.40 6351.40 6012.60 5827.60 6244.80 6896.90 8157.70 8413.90 8171.30 7775.60 7512.60 7470.60 7177.90 6972.80 6283.80 7398.80 7402.80 7239.10 6560.10 6308.30 6751.80 6492.40 6297.90 6612.30 7140.70 8005.20 9423.60 9309.20 8948.50 7946.60 7832.00 7809.40 7867.90 7760.10 7908.60 7675.10 7729.50 7916.70 6995.80 7084.90 6702.70 6841.40 7154.00 7703.30 8096.30 8554.30 7631.90 7848.70 8276.40 8631.40 9165.10 9328.30 8418.50 8293.90 8315.80 8486.50 8165.60 8500.00 8296.80 8548.00 8901.30 9109.90 8758.00 8679.00 8859.90 9382.00 8957.30 9151.40 9341.20 8993.50 8821.10 9062.00 9300.90 9594.00 9510.20 10507.70 10411.50 9940.00 9650.00 9520.90 8945.60 9452.20 9607.50 9772.10 10154.50 9737.30 10015.70 10236.00 9652.00 9890.00 10381.00 11137.50 10056.60 10848.60 10936.30 4631.00 5197.50 9493.00 9849.00 11439.00
4883.50 4350.00 3720.60 2619.90 1670.00 599.90 1190.50 1846.00 4510.30 3837.20 3155.20 2457.70 921.10 240.90 0.00 292.90 1068.20 4888.70 4326.80 3718.40 3346.60 2390.10 1720.40 1873.50 1581.20 781.30 708.20 1460.40 989.40 1660.30 1153.90 2076.40 2260.80 5615.60 5139.70 4221.90 4870.90 4212.70 3909.20 2825.90 2226.60 4480.40 4221.30 3243.60 2644.60 2679.10 2988.10 3477.80 3240.30 2905.20 3254.80 3686.30 3346.90 3480.30 3619.80 4578.90 5331.00 6282.30 6414.70 5913.20 5602.20 5344.30 4734.40 4510.90 4022.30 3766.00 4004.30 4561.20 4260.60 4128.50 4187.90 4463.40 5165.50 5499.00 5732.20 6209.10 7013.10 6506.90 6184.00 5598.80 5196.40 6002.00 5478.50 5212.30 4759.90 5483.30 4974.90 4602.50 4730.20 4898.70 4958.10 4755.00 5306.10 5281.70 4695.90 5094.80 4920.30 5348.70 5994.80 6093.70 5680.40 6313.30 6429.30 7155.60 7436.70 7589.00 7126.10 6805.50 6468.70 6306.00 6641.00 6561.60 5807.20 5405.70 5399.60 5625.90 6110.90 5772.10 5586.70 6003.90 6656.00 8353.20 8608.20 8316.80 7921.10 7565.00 7455.90 7163.20 6958.10 6269.10 7384.10 7388.10 7224.40 6545.40 6293.60 6511.30 6251.90 6057.00 6371.40 6899.80 7764.30 9619.10 9454.70 9094.00 7999.00 7817.30 7794.70 7853.20 7745.40 7893.90 7660.40 7714.80 7760.20 6755.30 6844.00 6461.80 6600.50 6913.10 7462.40 7855.40 8313.40 7391.00 7607.80 8035.50 8390.50 8924.20 9087.40 8470.90 8279.20 8301.10 8471.80 8150.90 8259.10 8055.90 8307.10 8660.40 8869.00 8810.40 8664.30 8845.20 9367.30 8942.60 9136.70 9100.30 8752.60 8580.20 8821.10 9060.00 9353.10 9269.30 10266.80 10170.60 10085.50 9795.50 9573.30 8930.90 9437.50 9592.80 9757.40 10139.80 9722.60 9774.80 9995.10 9411.10 9649.10 10140.10 10896.60 10041.90 10607.70 10695.40 4871.90 5438.40 9687.30 10044.50 11198.10
5176.40 4642.90 4013.50 2912.80 1962.90 892.80 897.60 1553.10 4803.20 4130.10 3448.10 2750.60 1214.00 533.80 292.90 0.00 775.30 5181.60 4619.70 4011.30 3639.50 2683.00 2013.30 2155.80 1863.50 1063.60 415.30 1167.50 696.50 1367.40 1436.20 1783.50 1967.90 5897.90 5422.00 4514.80 5153.20 4495.00 4191.50 3108.20 2508.90 4762.70 4503.60 3525.90 2926.90 2961.40 2695.20 3760.10 3522.60 3187.50 3537.10 3968.60 3629.20 3187.40 3326.90 4286.00 5038.10 5989.40 6697.00 6195.50 5884.50 5626.60 5016.70 4793.20 4304.60 4048.30 4286.60 4843.50 4542.90 4153.60 3895.00 4170.50 4872.60 5206.10 5439.30 5916.20 7295.40 6789.20 6466.30 5881.10 5478.70 6284.30 5760.80 5494.60 5042.20 5765.60 5257.20 4884.80 5012.50 5181.00 5240.40 5037.30 5588.40 5552.60 4403.00 4801.90 4627.40 5055.80 5701.90 5800.80 5387.50 6020.40 6136.40 6862.70 7143.80 7871.30 7408.40 7087.80 6751.00 6588.30 6923.30 6843.90 6089.50 5688.00 5681.90 5908.20 6303.70 5964.90 5293.80 5711.00 6363.10 8635.50 8890.50 8599.10 8203.40 7847.30 7738.20 7445.50 7240.40 6551.40 7666.40 7670.40 7506.70 6827.70 6575.90 6704.10 6444.70 5764.10 6078.50 6606.90 7471.40 9901.40 9737.00 9376.30 8281.30 8099.60 8077.00 8135.50 8027.70 8176.20 7942.70 7997.10 7953.00 6948.10 6551.10 6168.90 6307.60 6620.20 7169.50 7562.50 8020.50 7098.10 7314.90 7742.60 8097.60 8631.30 8794.50 8753.20 8561.50 8583.40 8754.10 8433.20 7966.20 7763.00 8014.20 8367.50 8576.10 9092.70 8946.60 9127.50 9649.60 9224.90 9419.00 8807.40 8459.70 8287.30 8528.20 8767.10 9060.20 8976.40 9973.90 9877.70 10367.80 10077.80 9855.60 9213.20 9719.80 9875.10 10039.70 10422.10 10004.90 9481.90 9702.20 9118.20 9356.20 9847.20 10603.70 10324.20 10314.80 10402.50 5164.80 5731.30 9969.60 10326.80 10905.20
5861.70 5328.20 4614.00 3513.30 2563.40 1493.30 122.30 777.80 5578.50 4905.40 4223.40 3525.90 1989.30 1309.10 1068.20 775.30 0.00 5956.90 5395.00 4786.60 4414.80 3458.30 2788.60 2877.70 2585.40 1786.10 1190.60 455.80 1419.00 655.70 2158.10 1071.80 1256.20 6619.80 6143.90 5290.10 5875.10 5216.90 4913.40 3830.10 3230.80 5484.60 5225.50 4247.80 3648.80 3145.60 1983.50 4482.00 4244.50 3909.40 3721.30 3626.20 3286.80 2475.70 2615.20 3574.30 4326.40 5277.70 7418.90 6917.40 6606.40 6348.50 5738.60 5515.10 5026.50 4770.20 4470.80 4485.10 4083.60 3441.90 3183.30 3458.80 4160.90 4494.40 4727.60 5204.50 8017.30 7511.10 7188.20 6603.00 6200.60 7006.20 6482.70 6216.50 5764.10 6487.50 5979.10 5069.00 5196.70 5365.20 4781.10 4578.00 5129.10 4840.90 3691.30 4090.20 3915.70 4344.10 4990.20 5089.10 4675.80 5308.70 5424.70 6151.00 6432.10 8593.20 8130.30 7809.70 7472.90 7310.20 7645.20 7494.50 6740.10 6338.60 5866.10 5448.90 5592.00 5253.20 4582.10 4999.30 5651.40 9357.40 9612.40 9321.00 8925.30 8569.20 8460.10 8096.10 7891.00 7202.00 8317.00 7876.60 7486.60 6807.60 6555.80 5992.40 5733.00 5052.40 5366.80 5895.20 6759.70 10623.30 10458.90 10098.20 9003.20 8821.50 8727.60 8341.70 8007.60 8156.10 7723.80 7428.50 7241.30 6236.40 5839.40 5457.20 5595.90 5908.50 6457.80 6850.80 7308.80 6386.40 6603.20 7030.90 7385.90 7919.60 8082.80 9475.10 9035.00 8789.60 8734.00 8214.30 7254.50 7051.30 7302.50 7655.80 7864.40 9814.60 9152.80 9107.40 9350.10 8925.40 8731.30 8095.70 7748.00 7575.60 7816.50 8055.40 8348.50 8264.70 9262.20 9166.00 11089.70 10799.70 10577.50 9419.40 9699.70 10081.30 10019.60 10122.60 9317.20 8770.20 8990.50 8406.50 8644.50 9135.50 9892.00 9636.50 9603.10 9690.80 5940.10 6506.60 10691.50 11048.70 10193.50
1542.50 2076.00 2790.20 3567.50 4517.40 5006.80 6079.20 6734.70 951.00 1573.10 2255.10 2952.60 3967.60 4647.80 4888.70 5181.60 5956.90 0.00 561.90 1170.30 1542.10 2498.60 3168.30 4063.60 4355.90 5155.80 5596.90 6349.10 5522.90 6285.60 4783.20 5869.50 6053.90 1649.70 1949.70 1673.80 2218.50 2876.70 3180.20 3190.00 3789.30 3144.40 3435.60 3607.70 4207.30 4869.20 6031.30 3841.90 4251.80 4467.90 4978.10 5475.60 5537.00 6348.10 6735.40 7694.50 8446.60 9397.90 2448.80 2723.20 2999.70 3257.60 3817.10 4040.60 4386.40 4777.50 5143.80 5700.70 6049.90 6318.60 6577.20 6852.70 7554.80 7888.30 8475.20 8952.10 3047.20 3366.90 3674.70 3512.10 4115.50 3856.70 4380.20 4749.70 5124.00 4634.90 5339.00 5742.00 5869.70 6038.20 6251.10 6454.20 6599.10 6980.90 7085.20 7484.10 7309.60 7738.00 8384.10 8531.60 8069.70 8702.60 8818.60 9547.70 9828.80 3623.10 3986.10 4296.20 3959.40 4160.70 4495.70 4899.10 5371.40 5769.80 6242.30 6847.50 7363.50 7471.30 7976.00 8393.20 9045.30 4387.30 4643.50 4934.90 4781.10 5055.70 5310.60 5500.70 6023.30 5833.30 5668.30 6237.60 6627.60 6282.30 6534.10 7097.50 7549.10 8283.10 8652.00 9289.10 10153.60 5653.20 6072.80 5954.00 5489.70 5672.00 6004.80 6407.80 6818.80 6967.30 7397.30 7692.60 7879.80 8052.50 8801.70 8687.90 8826.60 9139.20 9688.50 10081.50 10539.50 9427.00 9643.80 10056.10 10411.10 10578.10 10741.30 5961.60 6489.30 6734.70 7327.30 7887.80 8558.90 8762.10 9036.30 9431.20 9639.80 6301.10 7097.90 7700.70 8562.30 8679.50 8873.60 9400.10 9458.80 9286.40 9550.30 9789.20 10082.30 10040.10 11037.60 10899.80 6703.60 6655.50 7064.00 7364.50 8170.30 8026.40 8490.20 9334.80 9459.50 10074.60 10379.30 10117.30 10355.30 10846.30 11625.80 9778.80 10793.90 11401.60 1149.70 549.70 5722.60 6078.60 11927.30
2057.50 1524.00 2238.20 3005.60 3955.50 4444.90 5517.30 6172.80 1512.90 1011.20 1693.20 2390.70 3405.70 4085.90 4326.80 4619.70 5395.00 561.90 0.00 608.40 980.20 1936.70 2606.40 3501.70 3794.00 4593.90 5035.00 5787.20 4961.00 5723.70 4221.30 5307.60 5492.00 2211.60 2075.10 1111.90 1806.30 2464.50 2768.00 2628.10 3227.40 2732.20 3023.40 3045.80 3645.40 4307.30 5469.40 3280.00 3689.90 3906.00 4416.20 4913.70 4975.10 5786.20 6173.50 7132.60 7884.70 8836.00 3010.70 2848.60 2587.50 2845.40 3404.90 3628.40 3824.50 4215.60 4581.90 5138.80 5488.00 5756.70 6015.30 6290.80 6992.90 7326.40 7913.30 8390.20 3609.10 3492.30 3262.50 3099.90 3703.30 3444.50 3968.00 4337.50 4562.10 4222.70 4777.10 5180.10 5307.80 5476.30 5689.20 5892.30 6037.20 6419.00 6523.30 6922.20 6747.70 7176.10 7822.20 7969.70 7507.80 8140.70 8256.70 8985.80 9266.90 4185.00 4111.50 3884.00 3547.20 3748.50 4083.50 4486.90 4959.20 5207.90 5680.40 6285.60 6801.60 6909.40 7414.10 7831.30 8483.40 4949.20 5205.40 5302.20 4906.50 4643.50 4898.40 5088.50 5611.10 5421.10 5256.10 5825.40 6215.40 5870.10 6095.80 6659.20 7110.80 7844.80 8198.80 8727.20 9591.70 6215.10 6440.10 6079.40 5077.50 5259.80 5592.60 5995.60 6406.60 6555.10 6985.10 7280.40 7467.60 7614.20 8363.40 8249.60 8388.30 8700.90 9250.20 9643.20 10101.20 9014.80 9231.60 9643.90 9998.90 10165.90 10329.10 5549.40 6077.10 6322.50 6915.10 7475.60 8146.70 8349.90 8624.10 9019.00 9227.60 5888.90 6685.70 7288.50 8150.10 8267.30 8461.40 8987.90 9046.60 8874.20 9138.10 9377.00 9670.10 9627.90 10625.40 10487.60 7070.90 6780.90 6651.80 6952.30 7758.10 7614.20 8078.00 8922.60 9047.30 9662.40 9967.10 9705.10 9943.10 10434.10 11213.60 9366.60 10381.70 10989.40 1711.60 1111.60 6284.50 6640.50 11515.10
2665.90 2132.40 2334.40 2914.40 3864.30 3836.50 4908.90 5564.40 2121.30 1619.60 1746.30 2299.50 2797.30 3477.50 3718.40 4011.30 4786.60 1170.30 608.40 0.00 371.80 1328.30 1998.00 2893.30 3185.60 3985.50 4426.60 5178.80 4352.60 5115.30 3612.90 4699.20 4883.60 1942.60 1466.70 503.50 1197.90 1856.10 2159.60 2019.70 2619.00 2123.80 2415.00 2437.40 3037.00 3698.90 4861.00 2671.60 3081.50 3297.60 3807.80 4305.30 4366.70 5177.80 5565.10 6524.20 7276.30 8227.60 2741.70 2240.20 1979.10 2237.00 2796.50 3020.00 3216.10 3607.20 3973.50 4530.40 4879.60 5148.30 5406.90 5682.40 6384.50 6718.00 7304.90 7781.80 3340.10 2883.90 2654.10 2491.50 3094.90 2836.10 3359.60 3729.10 3953.70 3614.30 4168.70 4571.70 4699.40 4867.90 5080.80 5283.90 5428.80 5810.60 5914.90 6313.80 6139.30 6567.70 7213.80 7361.30 6899.40 7532.30 7648.30 8377.40 8658.50 3916.00 3503.10 3275.60 2938.80 3140.10 3475.10 3878.50 4350.80 4599.50 5072.00 5677.20 6193.20 6301.00 6805.70 7222.90 7875.00 4680.20 4936.40 4693.80 4298.10 4035.10 4290.00 4480.10 5002.70 4812.70 4647.70 5217.00 5607.00 5261.70 5487.40 6050.80 6502.40 7236.40 7590.40 8118.80 8983.30 5946.10 5831.70 5471.00 4469.10 4651.40 4984.20 5387.20 5798.20 5946.70 6376.70 6672.00 6859.20 7005.80 7755.00 7641.20 7779.90 8092.50 8641.80 9034.80 9492.80 8406.40 8623.20 9035.50 9390.50 9557.50 9720.70 4941.00 5468.70 5714.10 6306.70 6867.20 7538.30 7741.50 8015.70 8410.60 8619.20 5280.50 6077.30 6680.10 7541.70 7658.90 7853.00 8379.50 8438.20 8265.80 8529.70 8768.60 9061.70 9019.50 10017.00 9879.20 6462.50 6172.50 6043.40 6343.90 7149.70 7005.80 7469.60 8314.20 8438.90 9054.00 9358.70 9096.70 9334.70 9825.70 10605.20 8758.20 9773.30 10381.00 1153.50 1720.00 6015.50 6371.50 10906.70
3037.70 2504.20 1962.60 2542.60 3492.50 3464.70 4537.10 5192.60 2493.10 1991.40 1374.50 1927.70 2425.50 3105.70 3346.60 3639.50 4414.80 1542.10 980.20 371.80 0.00 956.50 1626.20 2521.50 2813.80 3613.70 4054.80 4807.00 3980.80 4743.50 3241.10 4327.40 4511.80 2314.40 1838.50 875.30 1569.70 2227.90 2531.40 1647.90 2247.20 2495.60 2786.80 2065.60 2665.20 3327.10 4489.20 2299.80 2709.70 2925.80 3436.00 3933.50 3994.90 4806.00 5193.30 6152.40 6904.50 7855.80 3113.50 2612.00 2350.90 2608.80 3168.30 3332.90 2844.30 3235.40 3601.70 4158.60 4507.80 4776.50 5035.10 5310.60 6012.70 6346.20 6933.10 7410.00 3711.90 3255.70 3025.90 2863.30 3466.70 3207.90 3731.40 4034.30 3581.90 3986.10 3796.90 4199.90 4327.60 4496.10 4709.00 4912.10 5057.00 5438.80 5543.10 5942.00 5767.50 6195.90 6842.00 6989.50 6527.60 7160.50 7276.50 8005.60 8286.70 4287.80 3874.90 3647.40 3310.60 3511.90 3846.90 4250.30 4629.20 4227.70 4700.20 5305.40 5821.40 5929.20 6433.90 6851.10 7503.20 5052.00 5308.20 5065.60 4669.90 4406.90 4661.80 4851.90 5374.50 5091.10 5019.50 5588.80 5978.80 5367.40 5115.60 5679.00 6130.60 6864.60 7218.60 7747.00 8611.50 6317.90 6203.50 5842.80 4840.90 5023.20 5356.00 5759.00 6170.00 6318.50 6482.40 6536.80 6724.00 6634.00 7383.20 7269.40 7408.10 7720.70 8270.00 8663.00 9121.00 8198.60 8415.40 8843.10 9198.10 9422.30 9585.50 5312.80 5840.50 6085.90 6678.50 6972.90 7403.10 7606.30 7880.50 8275.40 8484.00 5652.30 6449.10 7051.90 7913.50 7764.60 7958.70 8244.30 8303.00 8130.60 8394.50 8633.40 8926.50 8884.30 9881.80 9744.00 6834.30 6544.30 6415.20 6715.70 7521.50 7377.60 7841.40 8686.00 8544.60 8918.80 9223.50 8961.50 9199.50 9690.50 10470.00 8863.90 9836.10 10245.80 1525.30 2091.80 6387.30 6743.30 10771.50
3397.00 2863.50 2256.80 1586.10 2536.00 2508.20 3580.60 4236.10 3023.80 2350.70 1668.70 971.20 1469.00 2149.20 2390.10 2683.00 3458.30 2498.60 1936.70 1328.30 956.50 0.00 669.70 1565.00 1857.30 2657.20 3098.30 3850.50 3024.30 3787.00 2284.60 3370.90 3555.30 3270.90 2795.00 1831.80 2526.20 2078.20 1774.70 691.40 1290.70 2345.90 2086.80 1109.10 1708.70 2370.60 3532.70 1343.30 1753.20 1969.30 2479.50 2977.00 3038.40 3849.50 4236.80 5195.90 5948.00 6899.30 4070.00 3568.50 3307.40 3209.80 2599.90 2376.40 1887.80 2278.90 2645.20 3202.10 3551.30 3820.00 4078.60 4354.10 5056.20 5389.70 5976.60 6453.50 4668.40 4212.20 3982.40 3464.30 3061.90 3867.50 3344.00 3077.80 2625.40 3348.80 2840.40 3243.40 3371.10 3539.60 3752.50 3955.60 4100.50 4482.30 4586.60 4985.50 4811.00 5239.40 5885.50 6033.00 5571.10 6204.00 6320.00 7049.10 7330.20 5244.30 4831.40 4603.90 4267.10 4171.50 4506.50 4427.10 3672.70 3271.20 3743.70 4348.90 4864.90 4972.70 5477.40 5894.60 6546.70 6008.50 6264.70 6022.10 5626.40 5363.40 5321.40 5028.70 4823.60 4134.60 5249.60 5253.60 5089.90 4410.90 4159.10 4722.50 5174.10 5908.10 6262.10 6790.50 7655.00 7274.40 7160.00 6799.30 5797.40 5682.80 5660.20 5718.70 5610.90 5759.40 5525.90 5580.30 5767.50 5677.50 6426.70 6312.90 6451.60 6764.20 7313.50 7706.50 8164.50 7242.10 7458.90 7886.60 8241.60 8465.80 8629.00 6269.30 6144.70 6166.60 6337.30 6016.40 6446.60 6649.80 6924.00 7318.90 7527.50 6608.80 6529.80 6710.70 7232.80 6808.10 7002.20 7287.80 7346.50 7174.10 7438.00 7676.90 7970.00 7927.80 8925.30 8787.50 7790.80 7500.80 7371.70 6796.40 7303.00 7458.30 7622.90 8005.30 7588.10 7962.30 8267.00 8005.00 8243.00 8734.00 9513.50 7907.40 8879.60 9289.30 2481.80 3048.30 7343.80 7699.80 9815.00
3163.10 2629.60 2022.90 1352.20 1895.00 1838.50 2910.90 3566.40 2789.90 2116.80 1434.80 737.30 799.30 1479.50 1720.40 2013.30 2788.60 3168.30 2606.40 1998.00 1626.20 669.70 0.00 895.30 1187.60 1987.50 2428.60 3180.80 2354.60 3117.30 1614.90 2701.20 2885.60 3940.60 3464.70 2501.50 3195.90 2747.90 2444.40 1361.10 1248.40 3015.60 2756.50 1778.80 1666.40 1700.90 2863.00 2013.00 2262.10 1927.00 2276.60 2708.10 2368.70 3179.80 3567.10 4526.20 5278.30 6229.60 4739.70 4238.20 3977.10 3879.50 3269.60 3046.10 2557.50 2787.80 3026.10 3583.00 3282.40 3150.30 3408.90 3684.40 4386.50 4720.00 5306.90 5783.80 5338.10 4881.90 4652.10 4134.00 3731.60 4537.20 4013.70 3747.50 3295.10 4018.50 3510.10 3624.30 3752.00 3920.50 3979.90 3776.80 4327.90 4303.50 3916.90 4315.80 4141.30 4569.70 5215.80 5363.30 4901.40 5534.30 5650.30 6379.40 6660.50 5914.00 5501.10 5273.60 4936.80 4841.20 5176.20 5096.80 4342.40 3940.90 4413.40 4647.70 5132.70 4793.90 4807.70 5224.90 5877.00 6678.20 6934.40 6691.80 6296.10 6033.10 5991.10 5698.40 5493.30 4804.30 5919.30 5923.30 5759.60 5080.60 4828.80 5392.20 5273.70 5278.00 5592.40 6120.80 6985.30 7944.10 7829.70 7469.00 6467.10 6352.50 6329.90 6388.40 6280.60 6429.10 6195.60 6250.00 6437.20 5777.10 6065.00 5682.80 5821.50 6134.10 6683.40 7076.40 7534.40 6612.00 6828.80 7256.50 7611.50 8145.20 8308.40 6939.00 6814.40 6836.30 7007.00 6686.10 7116.30 7276.90 7528.10 7881.40 8090.00 7278.50 7199.50 7380.40 7902.50 7477.80 7671.90 7957.50 7973.60 7801.20 8042.10 8281.00 8574.10 8490.30 9487.80 9391.60 8460.50 8170.50 8041.40 7466.10 7972.70 8128.00 8292.60 8675.00 8257.80 8632.00 8936.70 8632.10 8870.10 9361.10 10117.60 8577.10 9549.30 9916.40 3151.50 3718.00 8013.50 8369.50 10419.10
